Date,Time,Open,High,Low,Close,Volume
20180103,000000,1920.0000000,1949.5000000,1915.0000000,1943.5000000,33127
20180104,000000,1949.5000000,1985.0000000,1943.0000000,1978.0000000,38178
20180105,000000,1965.0000000,1965.5000000,1921.0000000,1942.5000000,23213
20180109,000000,1960.0000000,1982.0000000,1954.0000000,1963.0000000,42713
20180110,000000,1969.0000000,1980.0000000,1931.5000000,1972.0000000,44374
20180111,000000,1963.5000000,1985.0000000,1955.0000000,1963.0000000,40478
20180112,000000,1955.0000000,1968.0000000,1945.5000000,1955.0000000,17647
20180115,000000,1956.0000000,1979.0000000,1954.5000000,1970.0000000,14687
20180116,000000,1964.0000000,2044.0000000,1940.5000000,1992.5000000,118550
20180117,000000,1993.0000000,2046.5000000,1981.0000000,2035.0000000,45442
20180118,000000,2051.5000000,2100.0000000,2045.0000000,2099.0000000,83619
20180119,000000,2112.0000000,2134.0000000,2090.5000000,2098.5000000,48107
20180122,000000,2098.0000000,2122.5000000,2080.5000000,2118.5000000,38349
20180123,000000,2132.5000000,2145.0000000,2111.5000000,2145.0000000,59496
20180124,000000,2150.0000000,2158.0000000,2129.5000000,2138.0000000,18971
20180125,000000,2134.0000000,2155.0000000,2105.0000000,2134.0000000,44055
20180126,000000,2137.0000000,2179.5000000,2134.0000000,2176.0000000,47179
20180129,000000,2199.5000000,2214.5000000,2178.5000000,2197.5000000,29552
20180130,000000,2176.0000000,2176.0000000,2120.0000000,2150.0000000,136698
20180131,000000,2160.5000000,2196.5000000,2133.5000000,2179.0000000,29158
20180201,000000,2172.0000000,2229.0000000,2168.0000000,2202.0000000,67861
20180202,000000,2193.0000000,2224.5000000,2115.5000000,2150.0000000,49846
20180205,000000,2140.5000000,2172.0000000,2113.5000000,2150.0000000,39726
20180206,000000,2071.0000000,2130.0000000,2048.5000000,2054.5000000,114144
20180207,000000,2106.0000000,2174.0000000,2100.5000000,2140.5000000,48058
20180208,000000,2126.5000000,2187.0000000,2125.5000000,2159.0000000,60895
20180209,000000,2090.0000000,2107.0000000,2062.0000000,2086.5000000,80483
20180212,000000,2109.0000000,2135.0000000,2102.0000000,2127.0000000,47944
20180213,000000,2119.5000000,2141.5000000,2111.0000000,2135.0000000,70378
20180214,000000,2155.0000000,2220.5000000,2144.0000000,2200.0000000,94995
20180215,000000,2230.5000000,2420.0000000,2211.0000000,2283.5000000,381640
20180216,000000,2341.0000000,2374.0000000,2291.5000000,2371.5000000,133549
20180219,000000,2367.5000000,2430.0000000,2361.0000000,2416.5000000,47577
20180220,000000,2420.0000000,2439.0000000,2376.5000000,2413.0000000,54816
20180221,000000,2429.5000000,2474.5000000,2418.0000000,2473.5000000,86040
20180222,000000,2469.5000000,2494.0000000,2410.5000000,2435.5000000,73258
20180226,000000,2449.0000000,2450.0000000,2362.0000000,2383.0000000,81045
20180227,000000,2362.0000000,2391.0000000,2320.5000000,2386.0000000,68500
20180228,000000,2362.5000000,2385.0000000,2327.0000000,2343.5000000,35038
20180301,000000,2329.5000000,2344.5000000,2300.5000000,2310.0000000,49309
20180302,000000,2307.0000000,2310.0000000,2241.0000000,2280.5000000,90805
20180305,000000,2316.0000000,2372.0000000,2313.5000000,2347.5000000,46502
20180306,000000,2377.0000000,2395.0000000,2351.0000000,2389.5000000,71962
20180307,000000,2399.0000000,2439.5000000,2368.0000000,2427.5000000,78708
20180309,000000,2474.0000000,2519.0000000,2451.0000000,2469.0000000,45125
20180312,000000,2465.0000000,2486.0000000,2439.5000000,2450.0000000,57515
20180313,000000,2449.0000000,2476.0000000,2385.0000000,2415.0000000,67323
20180314,000000,2424.5000000,2439.5000000,2394.0000000,2430.5000000,44268
20180315,000000,2444.0000000,2469.0000000,2415.5000000,2446.0000000,81508
20180316,000000,2440.5000000,2450.0000000,2418.0000000,2436.0000000,25193
20180319,000000,2435.0000000,2452.0000000,2406.5000000,2426.0000000,28486
20180320,000000,2428.0000000,2485.5000000,2427.0000000,2463.0000000,37037
20180321,000000,2478.5000000,2497.5000000,2450.0000000,2497.5000000,33640
20180322,000000,2481.0000000,2481.5000000,2375.5000000,2385.0000000,68071
20180323,000000,2390.0000000,2425.0000000,2372.0000000,2385.5000000,60192
20180326,000000,2375.5000000,2405.0000000,2314.0000000,2344.0000000,81365
20180327,000000,2369.5000000,2393.5000000,2351.5000000,2364.0000000,39240
20180328,000000,2339.5000000,2339.5000000,2234.0000000,2265.0000000,94132
20180329,000000,2282.0000000,2328.5000000,2271.0000000,2314.0000000,82008
20180330,000000,2288.5000000,2307.5000000,2260.0000000,2287.0000000,30277
20180402,000000,2290.0000000,2290.0000000,2244.0000000,2253.0000000,48226
20180403,000000,2250.0000000,2294.0000000,2240.0000000,2263.0000000,51466
20180404,000000,2255.0000000,2255.0000000,2202.0000000,2249.5000000,69263
20180405,000000,2265.0000000,2318.0000000,2265.0000000,2315.0000000,56004
20180406,000000,2311.0000000,2318.0000000,2292.0000000,2312.0000000,36394
20180409,000000,2308.5000000,2313.0000000,2077.0000000,2124.0000000,192944
20180410,000000,2091.0000000,2205.0000000,2048.0000000,2174.5000000,158788
20180411,000000,2165.5000000,2244.5000000,2140.5000000,2240.0000000,118651
20180412,000000,2218.0000000,2349.5000000,2130.0000000,2161.5000000,306563
20180413,000000,2139.5000000,2250.0000000,2060.5000000,2083.5000000,257105
20180416,000000,2052.0000000,2110.0000000,1995.0000000,2020.5000000,190633
20180417,000000,2147.5000000,2222.5000000,2067.5000000,2103.5000000,126975
20180418,000000,2080.0000000,2167.0000000,2075.0000000,2142.0000000,227818
20180419,000000,2160.0000000,2216.0000000,2089.0000000,2096.5000000,250559
20180420,000000,2104.0000000,2137.5000000,2068.0000000,2084.5000000,79660
20180423,000000,2090.0000000,2192.0000000,2086.0000000,2140.5000000,150633
20180424,000000,2142.0000000,2160.0000000,2094.5000000,2105.5000000,169932
20180425,000000,2098.5000000,2140.0000000,1982.0000000,2025.0000000,481669
20180426,000000,2056.0000000,2094.5000000,2041.0000000,2061.0000000,178831
20180427,000000,2070.5000000,2088.0000000,1994.0000000,2015.5000000,290886
20180428,000000,2034.5000000,2040.0000000,2021.0000000,2030.0000000,35195
20180430,000000,2035.5000000,2110.0000000,2020.0000000,2097.5000000,111911
20180502,000000,2106.5000000,2220.0000000,2070.5000000,2215.0000000,260358
20180503,000000,2203.0000000,2203.0000000,2114.0000000,2128.0000000,141659
20180504,000000,2148.5000000,2149.5000000,2082.0000000,2107.0000000,79887
20180507,000000,2118.0000000,2166.5000000,2107.5000000,2152.5000000,92193
20180508,000000,2152.5000000,2172.5000000,2111.0000000,2127.5000000,77706
20180510,000000,2145.5000000,2200.0000000,2137.0000000,2190.0000000,125032
20180511,000000,2186.0000000,2211.0000000,2170.5000000,2201.0000000,115363
20180514,000000,2192.0000000,2204.0000000,2155.0000000,2186.0000000,99234
20180515,000000,2172.0000000,2178.5000000,2105.5000000,2118.5000000,115866
20180516,000000,2119.0000000,2147.5000000,2101.0000000,2114.0000000,90374
20180517,000000,2112.5000000,2135.0000000,2102.0000000,2131.0000000,57791
20180518,000000,2120.5000000,2129.0000000,2107.5000000,2119.5000000,53079
20180521,000000,2123.0000000,2163.5000000,2123.0000000,2142.0000000,111107
20180522,000000,2148.5000000,2149.0000000,2110.5000000,2122.5000000,45641
20180523,000000,2100.5000000,2114.5000000,2075.0000000,2086.5000000,85806
20180524,000000,2103.5000000,2125.0000000,2086.0000000,2094.0000000,112954
20180525,000000,2084.5000000,2097.0000000,2070.0000000,2089.0000000,66104
20180528,000000,2089.0000000,2104.0000000,2078.0000000,2102.5000000,31576
20180529,000000,2102.0000000,2129.0000000,2059.0000000,2079.0000000,98056
20180530,000000,2059.5000000,2072.0000000,2025.5000000,2072.0000000,99468
20180531,000000,2072.0000000,2110.0000000,2070.0000000,2076.5000000,73436
20180601,000000,2090.0000000,2139.5000000,2084.5000000,2137.0000000,136869
20180604,000000,2137.0000000,2179.0000000,2129.0000000,2163.5000000,93803
20180605,000000,2188.5000000,2255.5000000,2177.5000000,2213.0000000,183510
20180606,000000,2216.0000000,2239.0000000,2193.5000000,2214.0000000,67847
20180607,000000,2233.5000000,2233.5000000,2160.0000000,2175.0000000,82175
20180608,000000,2159.5000000,2159.5000000,2117.0000000,2144.0000000,104430
20180609,000000,2150.5000000,2167.5000000,2146.0000000,2159.0000000,11290
20180611,000000,2164.0000000,2211.5000000,2143.0000000,2192.5000000,74234
20180613,000000,2252.5000000,2325.0000000,2251.5000000,2290.5000000,229911
20180614,000000,2287.0000000,2301.5000000,2257.0000000,2292.0000000,103869
20180615,000000,2300.0000000,2309.5000000,2256.0000000,2268.0000000,68260
20180618,000000,2268.5000000,2302.5000000,2240.5000000,2287.0000000,99339
20180619,000000,2311.5000000,2320.0000000,2265.0000000,2295.0000000,98968
20180620,000000,2291.0000000,2332.0000000,2286.0000000,2301.5000000,79383
20180621,000000,2308.0000000,2311.0000000,2246.0000000,2270.5000000,73601
20180622,000000,2268.5000000,2268.5000000,2190.0000000,2220.0000000,98371
20180625,000000,2225.5000000,2231.0000000,2165.5000000,2177.0000000,132808
20180626,000000,2179.5000000,2197.5000000,2150.5000000,2185.0000000,102119
20180627,000000,2197.5000000,2245.0000000,2189.0000000,2227.5000000,100522
20180628,000000,2204.5000000,2206.0000000,2165.0000000,2193.5000000,78163
20180629,000000,2206.0000000,2261.0000000,2201.5000000,2244.0000000,101378
20180702,000000,2238.5000000,2271.5000000,2223.0000000,2257.5000000,68860
20180703,000000,2280.0000000,2290.0000000,2240.5000000,2240.5000000,55967
20180704,000000,2243.0000000,2245.0000000,2225.0000000,2236.0000000,20404
20180705,000000,2231.0000000,2256.5000000,2210.0000000,2226.0000000,75771
20180706,000000,2266.5000000,2325.0000000,2256.0000000,2315.0000000,96819
20180709,000000,2322.0000000,2357.0000000,2314.5000000,2316.5000000,66188
20180710,000000,2331.5000000,2351.0000000,2300.0000000,2302.5000000,63429
20180711,000000,2291.0000000,2320.0000000,2259.0000000,2303.0000000,64672
20180712,000000,2290.5000000,2349.5000000,2281.5000000,2345.0000000,54490
20180713,000000,2378.0000000,2399.0000000,2353.0000000,2390.0000000,94215
20180716,000000,2382.0000000,2382.0000000,2310.0000000,2333.0000000,64526
20180717,000000,2333.0000000,2425.0000000,2312.0000000,2420.0000000,85648
20180718,000000,2419.5000000,2419.5000000,2370.5000000,2398.5000000,90248
20180719,000000,2390.5000000,2414.0000000,2364.0000000,2364.5000000,94484
20180720,000000,2341.0000000,2348.0000000,2290.0000000,2329.5000000,93933
20180723,000000,2338.5000000,2344.5000000,2306.5000000,2333.0000000,50543
20180724,000000,2345.0000000,2419.0000000,2340.5000000,2377.0000000,76406
20180725,000000,2363.0000000,2396.0000000,2353.0000000,2391.5000000,80469
20180726,000000,2410.5000000,2499.5000000,2348.0000000,2430.0000000,365240
20180727,000000,2384.5000000,2431.0000000,2355.0000000,2388.0000000,110722
20180730,000000,2348.5000000,2364.5000000,2232.5000000,2242.5000000,220645
20180731,000000,2240.0000000,2284.0000000,2220.5000000,2250.0000000,139929
20180801,000000,2257.5000000,2295.0000000,2253.0000000,2272.0000000,144950
20180802,000000,2266.0000000,2279.5000000,2210.5000000,2237.0000000,91851
20180803,000000,2260.5000000,2273.0000000,2241.5000000,2252.5000000,77474
20180806,000000,2255.0000000,2276.0000000,2225.0000000,2230.5000000,63591
20180807,000000,2240.0000000,2290.0000000,2231.5000000,2272.5000000,103698
20180808,000000,2255.5000000,2274.5000000,2156.0000000,2185.0000000,189472
20180809,000000,2141.0000000,2185.0000000,2102.5000000,2132.0000000,248892
20180810,000000,2133.5000000,2145.0000000,2080.0000000,2128.0000000,167754
20180813,000000,2134.5000000,2170.0000000,2120.0000000,2152.5000000,96040
20180814,000000,2167.5000000,2184.0000000,2111.0000000,2150.0000000,237583
20180815,000000,2135.0000000,2141.5000000,2061.5000000,2091.0000000,195495
20180816,000000,2102.5000000,2140.0000000,2100.5000000,2123.5000000,75480
20180817,000000,2123.5000000,2137.0000000,2082.5000000,2099.0000000,87886
20180820,000000,2108.0000000,2145.0000000,2100.5000000,2133.5000000,71539
20180821,000000,2134.0000000,2168.0000000,2115.0000000,2164.0000000,62565
20180822,000000,2163.0000000,2170.5000000,2125.0000000,2137.0000000,76855
20180823,000000,2145.0000000,2165.5000000,2110.0000000,2120.0000000,110275
20180824,000000,2120.0000000,2130.0000000,2104.0000000,2115.0000000,68478
20180827,000000,2142.0000000,2163.0000000,2124.5000000,2151.0000000,61720
20180828,000000,2159.0000000,2184.5000000,2148.0000000,2153.5000000,83226
20180829,000000,2154.0000000,2170.0000000,2149.5000000,2168.5000000,35833
20180830,000000,2170.0000000,2173.0000000,2122.5000000,2142.0000000,70997
20180831,000000,2132.0000000,2160.0000000,2113.5000000,2150.0000000,89028
20180903,000000,2159.0000000,2180.0000000,2159.0000000,2179.5000000,24162
20180904,000000,2183.5000000,2194.5000000,2146.5000000,2168.0000000,76609
20180905,000000,2170.0000000,2185.5000000,2106.0000000,2125.0000000,122387
20180906,000000,2122.5000000,2133.5000000,2075.0000000,2105.5000000,108903
20180907,000000,2080.0000000,2109.0000000,2055.0000000,2098.5000000,142427
20180910,000000,2108.0000000,2125.0000000,2097.0000000,2111.5000000,47038
20180911,000000,2123.5000000,2124.5000000,2080.0000000,2094.5000000,58359
20180912,000000,2095.0000000,2111.5000000,2035.0000000,2066.5000000,104779
20180913,000000,2071.0000000,2159.0000000,2070.5000000,2132.0000000,156048
20180914,000000,2144.0000000,2195.0000000,2126.0000000,2187.0000000,98413
20180917,000000,2194.0000000,2208.5000000,2135.0000000,2148.0000000,82800
20180918,000000,2129.5000000,2150.0000000,2110.5000000,2144.5000000,115420
20180919,000000,2146.5000000,2163.5000000,2121.0000000,2145.0000000,96613
20180920,000000,2152.5000000,2219.0000000,2150.5000000,2174.5000000,197607
20180921,000000,2185.0000000,2217.5000000,2166.0000000,2204.0000000,100048
20180924,000000,2199.5000000,2201.0000000,2145.0000000,2193.5000000,94288
20180925,000000,2196.0000000,2214.5000000,2184.0000000,2213.0000000,59033
20180926,000000,2213.0000000,2230.5000000,2197.5000000,2216.0000000,67988
20180927,000000,2193.0000000,2233.0000000,2180.0000000,2185.0000000,116329
20180928,000000,2187.0000000,2196.5000000,2140.5000000,2160.5000000,89313
20181001,000000,2168.0000000,2184.5000000,2130.0000000,2134.0000000,80755
20181002,000000,2136.0000000,2146.0000000,2093.5000000,2136.5000000,131248
20181003,000000,2143.5000000,2179.0000000,2137.0000000,2172.5000000,84631
20181004,000000,2181.0000000,2189.5000000,2139.0000000,2157.5000000,217218
20181005,000000,2151.0000000,2180.5000000,2105.5000000,2143.0000000,140287
20181008,000000,2153.0000000,2204.5000000,2130.0000000,2170.5000000,153631
20181009,000000,2198.0000000,2249.0000000,2186.5000000,2220.0000000,134223
20181010,000000,2215.5000000,2227.0000000,2128.0000000,2146.0000000,139205
20181011,000000,2119.0000000,2165.5000000,2097.0000000,2118.0000000,191806
20181012,000000,2130.5000000,2169.5000000,2120.5000000,2140.0000000,74884
20181015,000000,2152.0000000,2181.5000000,2121.0000000,2178.0000000,81153
20181016,000000,2178.0000000,2327.5000000,2160.5000000,2307.0000000,225362
20181017,000000,2309.0000000,2330.5000000,2285.5000000,2310.0000000,108686
20181018,000000,2322.0000000,2356.5000000,2185.0000000,2235.0000000,386244
20181019,000000,2012.0000000,2095.0000000,1736.0000000,1790.0000000,3383592
20181022,000000,1830.5000000,1990.0000000,1687.5000000,1755.0000000,3146067
20181023,000000,1765.0000000,1837.5000000,1717.0000000,1760.0000000,1004034
20181024,000000,1769.5000000,1819.5000000,1765.0000000,1781.0000000,590970
20181025,000000,1749.0000000,1789.5000000,1710.0000000,1777.0000000,409951
20181026,000000,1770.5000000,1787.0000000,1722.5000000,1761.5000000,403880
20181029,000000,1776.5000000,1928.5000000,1770.5000000,1859.5000000,1334462
20181030,000000,1829.0000000,1885.0000000,1800.0000000,1843.0000000,611227
20181031,000000,1875.5000000,1975.0000000,1854.0000000,1916.5000000,1292180
20181101,000000,1964.0000000,1999.0000000,1935.0000000,1999.0000000,859711
20181102,000000,2007.0000000,2041.5000000,1977.0000000,1995.0000000,800355
20181106,000000,2001.0000000,2019.0000000,1984.0000000,2002.0000000,295198
20181107,000000,1999.5000000,2005.5000000,1970.0000000,1995.0000000,238352
20181108,000000,1986.0000000,1999.5000000,1959.0000000,1982.0000000,282783
20181109,000000,1954.5000000,1964.0000000,1902.5000000,1921.5000000,298308
20181112,000000,1929.0000000,1939.0000000,1873.0000000,1886.0000000,341627
20181113,000000,1883.5000000,1925.5000000,1875.0000000,1903.5000000,269889
20181114,000000,1907.0000000,1964.5000000,1894.0000000,1940.0000000,253760
20181115,000000,1949.0000000,1957.5000000,1913.0000000,1920.0000000,179266
20181116,000000,1933.5000000,1951.0000000,1907.5000000,1916.0000000,163951
20181119,000000,1927.0000000,1944.5000000,1915.5000000,1924.5000000,135821
20181120,000000,1914.5000000,1915.0000000,1851.0000000,1902.0000000,232318
20181121,000000,1877.5000000,1923.0000000,1872.0000000,1909.0000000,214781
20181122,000000,1924.0000000,1930.0000000,1915.5000000,1921.0000000,63156
20181123,000000,1916.0000000,1917.0000000,1871.0000000,1898.5000000,182307
20181126,000000,1894.0000000,1924.5000000,1851.0000000,1920.0000000,309979
20181127,000000,1924.0000000,1949.0000000,1915.0000000,1945.0000000,136938
20181128,000000,1950.0000000,1977.0000000,1935.5000000,1945.5000000,234627
20181129,000000,1977.0000000,1998.0000000,1950.0000000,1967.5000000,231774
20181130,000000,1950.0000000,1971.0000000,1930.0000000,1965.0000000,119031
20181203,000000,1975.0000000,2019.5000000,1975.0000000,1989.0000000,407539
20181204,000000,1990.5000000,1994.0000000,1954.0000000,1957.5000000,107428
20181205,000000,1949.0000000,1965.0000000,1921.0000000,1955.0000000,78222
20181206,000000,1936.0000000,1939.5000000,1868.5000000,1914.0000000,327591
20181207,000000,1913.5000000,1936.5000000,1907.0000000,1912.5000000,131112
20181210,000000,1908.0000000,1927.0000000,1893.5000000,1903.0000000,100902
20181211,000000,1890.0000000,1899.5000000,1865.5000000,1869.5000000,179273
20181212,000000,1847.5000000,1876.5000000,1781.5000000,1871.5000000,317873
20181213,000000,1900.0000000,1910.0000000,1870.5000000,1888.0000000,140778
20181214,000000,1867.5000000,1869.0000000,1836.0000000,1860.5000000,123027
20181217,000000,1868.5000000,1883.0000000,1850.0000000,1869.0000000,94889
20181218,000000,1849.5000000,1870.0000000,1836.0000000,1856.0000000,163743
20181219,000000,1850.0000000,1905.0000000,1836.0000000,1894.0000000,148234
20181220,000000,1848.0000000,1880.0000000,1834.5000000,1864.0000000,234004
20181221,000000,1860.0000000,1877.0000000,1847.5000000,1860.5000000,123055
20181224,000000,1848.0000000,1854.5000000,1805.0000000,1840.5000000,210937
20181225,000000,1839.5000000,1840.0000000,1785.5000000,1828.0000000,117210
20181226,000000,1830.0000000,1875.0000000,1816.5000000,1832.0000000,237870
20181227,000000,1872.0000000,1901.0000000,1863.5000000,1880.0000000,217787
20181228,000000,1894.5000000,1939.0000000,1894.5000000,1916.0000000,175307
20181229,000000,1929.0000000,1934.0000000,1920.0000000,1930.0000000,47568
20190103,000000,1916.5000000,1917.0000000,1857.0000000,1859.5000000,147668
20190104,000000,1862.5000000,1924.0000000,1862.5000000,1916.0000000,187770
20190108,000000,1934.0000000,1953.0000000,1919.0000000,1926.5000000,114132
20190109,000000,1936.5000000,1970.0000000,1934.0000000,1960.0000000,133530
20190110,000000,1971.0000000,1985.5000000,1955.0000000,1985.0000000,140854
20190111,000000,1983.0000000,1997.0000000,1973.5000000,1983.0000000,101633
20190114,000000,1985.0000000,1997.0000000,1964.5000000,1992.5000000,107300
20190115,000000,1993.5000000,2009.5000000,1980.5000000,1999.5000000,190867
20190116,000000,1995.0000000,2006.0000000,1977.0000000,1980.0000000,179316
20190117,000000,1979.5000000,2006.0000000,1960.0000000,1993.5000000,154525
20190118,000000,2025.0000000,2059.5000000,2020.5000000,2044.5000000,276484
20190121,000000,2048.5000000,2049.5000000,2040.0000000,2044.5000000,48802
20190122,000000,2039.5000000,2077.0000000,2011.0000000,2051.0000000,138581
20190123,000000,2040.0000000,2075.5000000,2035.0000000,2060.0000000,189906
20190124,000000,2057.0000000,2098.0000000,2050.0000000,2083.0000000,217514
20190125,000000,2099.5000000,2172.5000000,2095.5000000,2152.0000000,278472
20190128,000000,2169.5000000,2188.5000000,2124.0000000,2167.0000000,303944
20190129,000000,2166.0000000,2184.0000000,2151.5000000,2152.0000000,156551
20190130,000000,2145.0000000,2172.5000000,2136.0000000,2157.0000000,130634
20190131,000000,2181.0000000,2214.5000000,2180.0000000,2212.0000000,263760
20190201,000000,2199.6000000,2215.0000000,2165.4000000,2197.2000000,169368
20190204,000000,2195.0000000,2215.0000000,2195.0000000,2212.0000000,83782
20190205,000000,2215.6000000,2262.0000000,2215.6000000,2250.8000000,222314
20190206,000000,2261.0000000,2261.6000000,2225.2000000,2244.0000000,130636
20190207,000000,2230.0000000,2231.4000000,2181.8000000,2192.2000000,139246
20190208,000000,2185.0000000,2185.0000000,2142.4000000,2163.4000000,132557
20190211,000000,2173.8000000,2223.0000000,2170.8000000,2196.0000000,166773
20190212,000000,2206.0000000,2241.8000000,2200.4000000,2230.0000000,177257
20190213,000000,2233.0000000,2258.2000000,2201.0000000,2258.0000000,385667
20190214,000000,2229.0000000,2269.6000000,2212.0000000,2264.0000000,336196
20190215,000000,2289.8000000,2335.0000000,2148.8000000,2200.2000000,1081539
20190218,000000,2137.6000000,2174.4000000,2116.2000000,2161.0000000,675808
20190219,000000,2169.8000000,2179.8000000,2095.0000000,2126.6000000,574601
20190220,000000,2161.6000000,2187.4000000,2148.6000000,2166.2000000,278410
20190221,000000,2166.4000000,2176.0000000,2110.0000000,2115.0000000,221977
20190222,000000,2108.0000000,2139.0000000,2090.4000000,2133.0000000,250232
20190225,000000,2182.0000000,2235.0000000,2180.2000000,2214.6000000,390801
20190226,000000,2195.0000000,2204.8000000,2162.0000000,2169.6000000,136369
20190227,000000,2177.8000000,2189.8000000,2158.8000000,2163.0000000,157649
20190228,000000,2164.0000000,2214.0000000,2145.2000000,2208.0000000,171959
20190301,000000,2235.6000000,2270.0000000,2230.0000000,2247.4000000,328374
20190304,000000,2260.2000000,2319.6000000,2260.2000000,2303.6000000,204146
20190305,000000,2290.6000000,2340.2000000,2272.0000000,2340.2000000,177763
20190306,000000,2358.0000000,2404.0000000,2350.2000000,2362.0000000,237195
20190307,000000,2363.0000000,2382.0000000,2312.0000000,2329.2000000,132802
20190311,000000,2329.2000000,2364.8000000,2320.8000000,2346.4000000,94031
20190312,000000,2369.0000000,2380.0000000,2344.0000000,2355.0000000,79207
20190313,000000,2346.2000000,2368.4000000,2325.0000000,2345.0000000,90214
20190314,000000,2344.6000000,2354.8000000,2300.2000000,2303.4000000,89264
20190315,000000,2326.6000000,2355.0000000,2325.2000000,2352.8000000,85638
20190318,000000,2354.8000000,2398.0000000,2297.8000000,2306.0000000,252580
20190319,000000,2323.8000000,2339.8000000,2315.6000000,2318.8000000,70555
20190320,000000,2318.8000000,2329.8000000,2295.0000000,2301.4000000,97533
20190321,000000,2298.0000000,2348.0000000,2259.0000000,2274.0000000,464345
20190322,000000,2291.0000000,2310.0000000,2275.0000000,2276.4000000,113084
20190325,000000,2273.8000000,2318.4000000,2210.0000000,2293.8000000,102693
20190326,000000,2297.0000000,2329.0000000,2290.2000000,2315.8000000,94392
20190327,000000,2306.8000000,2317.6000000,2266.6000000,2268.0000000,109455
20190328,000000,2270.0000000,2332.2000000,2250.0000000,2317.8000000,163380
20190329,000000,2320.4000000,2335.0000000,2280.0000000,2293.6000000,199044
20190401,000000,2289.0000000,2291.0000000,2232.0000000,2243.4000000,236542
20190402,000000,2237.6000000,2252.8000000,2218.2000000,2249.0000000,174808
20190403,000000,2271.6000000,2286.8000000,2255.6000000,2268.2000000,136871
20190404,000000,2265.0000000,2301.8000000,2250.4000000,2280.8000000,110767
20190405,000000,2279.6000000,2305.0000000,2267.2000000,2298.0000000,88171
20190408,000000,2299.2000000,2313.8000000,2283.6000000,2301.6000000,69854
20190409,000000,2310.8000000,2346.0000000,2300.4000000,2346.0000000,134672
20190410,000000,2339.8000000,2352.0000000,2110.8000000,2350.8000000,133829
20190411,000000,2374.0000000,2444.0000000,2374.0000000,2434.0000000,290638
20190412,000000,2440.0000000,2454.8000000,2425.8000000,2435.2000000,128006
20190415,000000,2484.4000000,2494.0000000,2443.6000000,2453.0000000,254954
20190416,000000,2476.4000000,2513.0000000,2476.2000000,2499.8000000,205211
20190417,000000,2499.0000000,2518.0000000,2451.0000000,2451.0000000,147815
20190418,000000,2448.2000000,2448.2000000,2382.6000000,2383.2000000,118089
20190419,000000,2394.6000000,2424.8000000,2383.2000000,2415.2000000,48418
20190422,000000,2417.4000000,2437.6000000,2392.4000000,2400.0000000,113234
20190423,000000,2399.8000000,2428.8000000,2391.0000000,2412.8000000,109208
20190424,000000,2415.2000000,2424.0000000,2395.2000000,2410.6000000,78601
20190425,000000,2424.0000000,2489.8000000,2337.0000000,2407.6000000,437205
20190426,000000,2407.4000000,2414.6000000,2364.2000000,2389.0000000,132041
20190429,000000,2387.0000000,2423.0000000,2376.0000000,2406.0000000,105924
20190430,000000,2406.0000000,2408.6000000,2380.0000000,2391.0000000,45347
20190502,000000,2445.0000000,2481.8000000,2405.2000000,2413.0000000,225229
20190503,000000,2405.6000000,2437.6000000,2392.4000000,2414.0000000,175519
20190506,000000,2398.2000000,2414.0000000,2350.4000000,2407.0000000,195274
20190507,000000,2406.8000000,2418.0000000,2375.0000000,2388.6000000,89910
20190508,000000,2388.6000000,2388.6000000,2356.2000000,2379.0000000,139683
20190510,000000,2374.8000000,2389.8000000,2336.0000000,2340.0000000,107225
20190513,000000,2349.8000000,2357.4000000,2286.6000000,2286.6000000,135392
20190514,000000,2291.0000000,2315.0000000,2266.4000000,2299.0000000,111288
20190515,000000,2301.2000000,2325.4000000,2245.6000000,2312.0000000,191541
20190516,000000,2329.2000000,2401.8000000,2325.2000000,2392.0000000,188407
20190517,000000,2395.8000000,2434.6000000,2355.2000000,2425.0000000,157550
20190520,000000,2447.6000000,2449.4000000,2377.2000000,2407.8000000,122137
20190521,000000,2398.0000000,2414.8000000,2378.2000000,2392.4000000,128354
20190522,000000,2400.0000000,2432.0000000,2380.8000000,2424.8000000,137889
20190523,000000,2406.6000000,2415.0000000,2361.8000000,2365.0000000,111066
20190524,000000,2365.4000000,2392.0000000,2362.2000000,2383.4000000,90446
20190527,000000,2393.4000000,2409.0000000,2393.4000000,2404.6000000,35498
20190528,000000,2405.0000000,2409.8000000,2240.2000000,2280.2000000,653351
20190529,000000,2300.0000000,2368.0000000,2222.0000000,2350.2000000,479703
20190530,000000,2357.0000000,2379.8000000,2346.4000000,2379.6000000,131106
20190531,000000,2360.0000000,2362.2000000,2325.6000000,2336.6000000,119997
20190603,000000,2333.0000000,2350.0000000,2292.4000000,2319.0000000,202643
20190604,000000,2318.4000000,2344.0000000,2283.8000000,2341.0000000,252932
20190605,000000,2353.2000000,2364.0000000,2340.0000000,2361.0000000,166289
20190606,000000,2365.0000000,2394.2000000,2355.6000000,2389.0000000,136459
20190607,000000,2404.0000000,2447.8000000,2396.0000000,2418.6000000,195828
20190610,000000,2422.0000000,2444.8000000,2402.6000000,2435.0000000,136456
20190611,000000,2438.2000000,2510.6000000,2435.2000000,2494.8000000,298615
20190613,000000,2485.6000000,2514.4000000,2475.2000000,2492.0000000,159106
20190614,000000,2489.0000000,2499.4000000,2456.0000000,2465.0000000,103515
20190617,000000,2459.8000000,2478.0000000,2445.0000000,2455.8000000,141639
20190618,000000,2457.0000000,2498.0000000,2455.4000000,2480.2000000,93539
20190619,000000,2488.4000000,2500.0000000,2470.0000000,2470.2000000,83183
20190620,000000,2485.4000000,2531.6000000,2472.0000000,2492.8000000,430723
20190621,000000,2487.6000000,2488.8000000,2463.0000000,2468.4000000,100132
20190624,000000,2465.4000000,2484.8000000,2448.0000000,2452.6000000,80765
20190625,000000,2446.8000000,2459.2000000,2415.0000000,2424.6000000,112543
20190626,000000,2398.4000000,2432.8000000,2382.4000000,2391.6000000,373316
20190627,000000,2390.4000000,2416.2000000,2372.0000000,2410.0000000,208834
20190628,000000,2436.2000000,2447.6000000,2378.0000000,2405.4000000,198344
20190701,000000,2424.0000000,2499.0000000,2415.8000000,2482.4000000,274260
20190702,000000,2481.8000000,2520.0000000,2452.4000000,2491.2000000,197214
20190703,000000,2502.6000000,2520.0000000,2495.4000000,2505.4000000,152205
20190704,000000,2497.0000000,2499.4000000,2480.2000000,2494.8000000,52998
20190705,000000,2493.6000000,2499.8000000,2451.0000000,2481.4000000,118816
20190708,000000,2488.6000000,2499.0000000,2458.0000000,2465.0000000,115399
20190709,000000,2456.2000000,2479.8000000,2436.2000000,2478.0000000,121774
20190710,000000,2495.0000000,2527.8000000,2490.6000000,2500.2000000,200703
20190711,000000,2508.6000000,2524.6000000,2486.0000000,2495.0000000,121545
20190712,000000,2509.4000000,2590.0000000,2507.4000000,2573.0000000,311283
20190715,000000,2568.4000000,2574.2000000,2535.2000000,2546.4000000,195439
20190716,000000,2539.8000000,2568.2000000,2517.2000000,2542.6000000,163769
20190717,000000,2550.0000000,2560.0000000,2505.2000000,2509.2000000,123619
20190718,000000,2498.0000000,2507.2000000,2480.0000000,2489.8000000,139618
20190719,000000,2506.0000000,2554.0000000,2500.2000000,2518.0000000,168952
20190722,000000,2491.0000000,2495.0000000,2470.0000000,2486.0000000,172286
20190723,000000,2495.8000000,2509.8000000,2482.4000000,2482.8000000,95804
20190724,000000,2497.2000000,2518.0000000,2482.6000000,2507.0000000,109920
20190725,000000,2524.0000000,2547.0000000,2432.2000000,2461.6000000,524436
20190726,000000,2456.0000000,2679.0000000,2420.0000000,2520.0000000,1640954
20190729,000000,2438.6000000,2497.6000000,2390.0000000,2441.0000000,1634132
20190730,000000,2486.6000000,2547.0000000,2466.4000000,2480.4000000,1272478
20190731,000000,2481.4000000,2503.2000000,2455.2000000,2490.0000000,400780
20190801,000000,2488.6000000,2567.2000000,2475.6000000,2550.6000000,412251
20190802,000000,2489.8000000,2514.8000000,2450.2000000,2470.0000000,445899
20190805,000000,2449.0000000,2449.8000000,2357.0000000,2369.6000000,537160
20190806,000000,2380.0000000,2434.0000000,2374.0000000,2413.0000000,378334
20190807,000000,2420.0000000,2440.0000000,2383.0000000,2428.8000000,273663
20190808,000000,2417.2000000,2432.0000000,2406.0000000,2413.2000000,203771
20190809,000000,2420.4000000,2425.0000000,2404.0000000,2405.0000000,116311
20190812,000000,2411.6000000,2428.0000000,2398.2000000,2410.0000000,109618
20190813,000000,2384.6000000,2446.8000000,2373.6000000,2428.0000000,300721
20190814,000000,2440.0000000,2440.0000000,2365.8000000,2374.0000000,254600
20190815,000000,2390.0000000,2395.0000000,2351.0000000,2365.4000000,225504
20190816,000000,2375.0000000,2397.0000000,2351.2000000,2394.0000000,130444
20190819,000000,2420.4000000,2454.0000000,2402.0000000,2424.0000000,328823
20190820,000000,2437.0000000,2453.2000000,2420.2000000,2438.4000000,126107
20190821,000000,2435.0000000,2443.0000000,2415.6000000,2421.2000000,165203
20190822,000000,2412.0000000,2417.0000000,2385.0000000,2399.0000000,166095
20190823,000000,2404.0000000,2423.0000000,2386.0000000,2391.0000000,163956
20190826,000000,2379.8000000,2405.0000000,2361.0000000,2394.4000000,163458
20190827,000000,2394.0000000,2437.0000000,2394.0000000,2429.8000000,158268
20190828,000000,2431.0000000,2434.8000000,2410.0000000,2434.0000000,168439
20190829,000000,2423.0000000,2444.8000000,2417.2000000,2441.0000000,275717
20190830,000000,2443.4000000,2470.0000000,2443.4000000,2462.8000000,162123
20190902,000000,2464.8000000,2485.0000000,2464.8000000,2469.8000000,51471
20190903,000000,2473.4000000,2497.0000000,2446.2000000,2487.0000000,247804
20190904,000000,2486.8000000,2498.0000000,2469.2000000,2487.0000000,134711
20190905,000000,2500.6000000,2515.0000000,2463.6000000,2509.2000000,230474
20190906,000000,2515.0000000,2519.6000000,2491.4000000,2503.6000000,144379
20190909,000000,2508.8000000,2520.0000000,2464.0000000,2466.0000000,163273
20190910,000000,2464.0000000,2474.8000000,2432.2000000,2450.2000000,213741
20190911,000000,2456.4000000,2482.6000000,2453.2000000,2466.2000000,176894
20190912,000000,2466.8000000,2474.8000000,2449.4000000,2457.0000000,133655
20190913,000000,2455.0000000,2459.0000000,2434.4000000,2453.0000000,122047
20190916,000000,2449.0000000,2449.8000000,2430.0000000,2447.6000000,166674
20190917,000000,2447.8000000,2459.8000000,2435.0000000,2438.4000000,175776
20190918,000000,2439.2000000,2452.2000000,2430.6000000,2432.0000000,296993
20190919,000000,2419.8000000,2426.0000000,2398.2000000,2407.4000000,351370
20190920,000000,2409.6000000,2413.8000000,2350.2000000,2350.2000000,577563
20190923,000000,2343.8000000,2349.8000000,2305.2000000,2342.2000000,440267
20190924,000000,2304.8000000,2344.8000000,2292.0000000,2301.4000000,430626
20190925,000000,2309.8000000,2329.8000000,2281.6000000,2322.4000000,283383
20190926,000000,2332.0000000,2355.0000000,2317.0000000,2319.6000000,255030
20190927,000000,2323.8000000,2339.8000000,2308.0000000,2315.8000000,136519
20190930,000000,2310.0000000,2311.8000000,2254.0000000,2263.4000000,371926
20191001,000000,2274.6000000,2319.8000000,2272.0000000,2287.0000000,308984
20191002,000000,2284.0000000,2294.8000000,2235.0000000,2250.0000000,254586
20191003,000000,2234.2000000,2283.2000000,2207.6000000,2265.0000000,345593
20191004,000000,2280.2000000,2288.8000000,2256.2000000,2274.4000000,236654
20191007,000000,2271.4000000,2299.8000000,2264.8000000,2284.2000000,141260
20191008,000000,2295.8000000,2304.8000000,2270.0000000,2295.2000000,164506
20191009,000000,2306.0000000,2323.4000000,2303.8000000,2312.0000000,156115
20191010,000000,2315.0000000,2330.0000000,2298.0000000,2327.0000000,226208
20191011,000000,2314.8000000,2315.0000000,1852.4000000,1898.0000000,5982678
20191014,000000,1936.0000000,2025.0000000,1901.0000000,1975.6000000,3688949
20191015,000000,1970.2000000,2005.0000000,1965.6000000,1986.6000000,1295020
20191016,000000,1974.8000000,1990.0000000,1943.0000000,1957.2000000,1094006
20191017,000000,1949.4000000,1949.6000000,1903.4000000,1927.0000000,912291
20191018,000000,1929.6000000,1978.8000000,1926.0000000,1934.0000000,781788
20191021,000000,2043.2000000,2142.8000000,2030.0000000,2061.0000000,4564034
20191022,000000,2092.4000000,2110.0000000,2050.0000000,2054.6000000,1277982
20191023,000000,2054.6000000,2069.0000000,2032.0000000,2046.6000000,642429
20191024,000000,2049.0000000,2092.0000000,2041.6000000,2090.2000000,1160575
20191025,000000,2100.0000000,2158.6000000,2041.0000000,2064.0000000,2273620
20191028,000000,2073.4000000,2149.2000000,2065.0000000,2118.4000000,1298981
20191029,000000,2138.8000000,2152.8000000,2105.8000000,2134.4000000,900154
20191030,000000,2142.2000000,2164.6000000,2134.4000000,2156.0000000,616114
20191031,000000,2155.0000000,2164.8000000,2115.0000000,2125.8000000,688903
20191101,000000,2135.6000000,2143.8000000,2125.0000000,2138.0000000,353284
20191105,000000,2162.8000000,2178.0000000,2150.2000000,2171.4000000,600565
20191106,000000,2177.2000000,2198.6000000,2176.0000000,2191.0000000,517137
20191107,000000,2184.2000000,2198.8000000,2171.0000000,2187.8000000,413031
20191108,000000,2176.0000000,2189.0000000,1962.4000000,2184.8000000,591417
20191111,000000,2185.0000000,2191.0000000,2161.2000000,2179.6000000,356455
20191112,000000,2183.8000000,2189.0000000,2168.0000000,2184.0000000,345327
20191113,000000,2173.8000000,2182.6000000,2168.0000000,2173.8000000,287343
20191114,000000,2180.0000000,2193.0000000,2172.0000000,2186.4000000,325329
20191115,000000,2202.0000000,2269.8000000,2195.2000000,2267.0000000,1039502
20191118,000000,2375.0000000,2540.0000000,2350.0000000,2525.2000000,4279240
20191119,000000,2545.4000000,2545.4000000,2480.0000000,2510.0000000,1529677
20191120,000000,2495.0000000,2524.0000000,2453.0000000,2514.4000000,678415
20191121,000000,2538.4000000,2564.2000000,2515.2000000,2549.0000000,754304
20191122,000000,2542.6000000,2569.8000000,2535.0000000,2566.2000000,462050
20191125,000000,2572.8000000,2629.0000000,2560.0000000,2629.0000000,437748
20191126,000000,2624.6000000,2662.0000000,2593.0000000,2635.8000000,488920
20191127,000000,2644.2000000,2682.0000000,2640.2000000,2668.0000000,485812
20191128,000000,2668.0000000,2676.6000000,2600.2000000,2624.6000000,524370
20191129,000000,2621.8000000,2696.8000000,2606.4000000,2693.0000000,626272
20191202,000000,2695.0000000,2728.8000000,2613.0000000,2620.6000000,973254
20191203,000000,2633.8000000,2654.8000000,2582.4000000,2599.0000000,577167
20191204,000000,2601.0000000,2642.0000000,2592.6000000,2607.4000000,318622
20191205,000000,2601.0000000,2601.0000000,2555.6000000,2568.4000000,360434
20191206,000000,2570.0000000,2595.8000000,2541.6000000,2570.4000000,279678
20191209,000000,2575.0000000,2608.8000000,2560.2000000,2584.0000000,270949
20191210,000000,2575.8000000,2593.4000000,2536.0000000,2588.0000000,269384
20191211,000000,2576.4000000,2598.0000000,2571.4000000,2595.0000000,209179
20191212,000000,2611.2000000,2649.8000000,2600.0000000,2628.0000000,293387
20191213,000000,2628.0000000,2663.0000000,2605.2000000,2662.8000000,357030
20191216,000000,2700.4000000,2718.8000000,2675.4000000,2690.0000000,567056
20191217,000000,2675.8000000,2693.6000000,2644.2000000,2660.0000000,290603
20191218,000000,2634.4000000,2654.8000000,2612.0000000,2625.0000000,351565
20191219,000000,2625.0000000,2659.0000000,2615.0000000,2623.2000000,514549
20191220,000000,2653.0000000,2693.8000000,2650.2000000,2680.0000000,485015
20191223,000000,2683.6000000,2707.6000000,2675.2000000,2699.8000000,281916
20191224,000000,2704.6000000,2711.8000000,2676.2000000,2688.0000000,157888
20191225,000000,2689.6000000,2693.0000000,2672.0000000,2687.0000000,57691
20191226,000000,2688.2000000,2718.6000000,2678.0000000,2713.0000000,176600
20191227,000000,2713.8000000,2750.0000000,2710.0000000,2736.0000000,289311
20191230,000000,2735.6000000,2740.0000000,2665.0000000,2697.0000000,248021
20200103,000000,2712.2000000,2718.0000000,2677.4000000,2685.0000000,263527
20200106,000000,2682.2000000,2682.2000000,2650.6000000,2672.0000000,226702
20200108,000000,2663.8000000,2707.0000000,2636.2000000,2677.0000000,252503
20200109,000000,2685.0000000,2737.2000000,2683.4000000,2728.4000000,306731
20200110,000000,2728.6000000,2760.0000000,2700.2000000,2725.0000000,308125
20200113,000000,2713.4000000,2729.8000000,2692.0000000,2703.4000000,330909
20200114,000000,2719.0000000,2750.0000000,2683.8000000,2685.0000000,468516
20200115,000000,2677.0000000,2708.4000000,2660.0000000,2690.0000000,415484
20200116,000000,2678.2000000,2869.2000000,2673.2000000,2719.8000000,1470744
20200117,000000,2732.2000000,2776.8000000,2726.2000000,2772.8000000,668860
20200120,000000,2790.0000000,2827.0000000,2777.0000000,2800.0000000,339337
20200121,000000,2799.6000000,2799.6000000,2762.6000000,2770.0000000,350182
20200122,000000,2783.2000000,2799.6000000,2673.2000000,2790.0000000,755887
20200123,000000,2791.0000000,2826.6000000,2740.0000000,2820.2000000,480427
20200124,000000,2798.0000000,2818.0000000,2775.8000000,2798.0000000,366624
20200127,000000,2789.2000000,2802.0000000,2735.2000000,2780.0000000,481600
20200128,000000,2785.2000000,2813.8000000,2765.6000000,2799.8000000,357013
20200129,000000,2812.4000000,2890.0000000,2812.4000000,2890.0000000,679946
20200130,000000,2880.0000000,2905.0000000,2852.4000000,2888.0000000,344028
20200131,000000,2895.0000000,2913.0000000,2865.4000000,2873.4000000,296170
20200203,000000,2856.8000000,2899.6000000,2843.2000000,2880.6000000,270342
20200204,000000,2911.8000000,2994.8000000,2907.0000000,2990.0000000,469932
20200205,000000,3010.6000000,3081.0000000,2992.4000000,3008.2000000,692586
20200206,000000,3030.0000000,3076.0000000,3003.4000000,3048.2000000,389930
20200207,000000,3058.6000000,3140.0000000,3022.4000000,3103.8000000,479731
20200210,000000,3104.6000000,3143.0000000,3065.0000000,3087.2000000,422510
20200211,000000,3100.0000000,3131.2000000,3066.2000000,3085.0000000,340079
20200212,000000,3081.0000000,3083.2000000,3033.0000000,3037.2000000,551073
20200213,000000,3066.6000000,3097.0000000,3035.2000000,3087.4000000,516454
20200214,000000,3119.8000000,3127.6000000,2950.8000000,3011.0000000,1995630
20200217,000000,2980.4000000,2989.8000000,2935.4000000,2983.6000000,497430
20200218,000000,2990.0000000,2992.4000000,2917.2000000,2937.0000000,582824
20200219,000000,2921.4000000,2991.2000000,2912.6000000,2953.0000000,728333
20200220,000000,2945.0000000,2996.4000000,2941.4000000,2988.4000000,738945
20200221,000000,2975.0000000,2996.0000000,2910.6000000,2911.8000000,645644
20200225,000000,2799.8000000,2869.8000000,2672.6000000,2681.8000000,2303488
20200226,000000,2661.2000000,2704.8000000,2538.4000000,2690.8000000,2316101
20200227,000000,2665.0000000,2744.4000000,2620.4000000,2678.2000000,1662998
20200228,000000,2624.8000000,2686.0000000,2540.2000000,2659.8000000,1464045
20200302,000000,2732.8000000,2762.8000000,2615.2000000,2721.4000000,1290610
20200303,000000,2744.0000000,2784.8000000,2701.4000000,2723.0000000,971355
20200304,000000,2680.0000000,2708.8000000,2632.6000000,2654.2000000,697745
20200305,000000,2743.0000000,2744.6000000,2643.2000000,2728.2000000,894054
20200306,000000,2700.8000000,2711.8000000,2556.0000000,2685.0000000,1005756
20200310,000000,2520.0000000,2757.8000000,2500.0000000,2590.0000000,1510732
20200311,000000,2619.6000000,2640.0000000,2520.0000000,2615.0000000,910964
20200312,000000,2559.8000000,2560.0000000,2350.0000000,2460.0000000,1547538
20200313,000000,2439.8000000,2620.6000000,2400.0000000,2470.0000000,1221313
20200316,000000,2459.6000000,2459.6000000,2241.2000000,2370.0000000,1286296
20200317,000000,2320.0000000,2438.8000000,2257.0000000,2425.0000000,1078574
20200318,000000,2357.0000000,2400.0000000,2251.0000000,2318.8000000,1288232
20200319,000000,2345.4000000,2464.4000000,2273.2000000,2434.0000000,1509790
20200320,000000,2484.0000000,2593.4000000,2414.0000000,2455.2000000,1335704
20200323,000000,2376.8000000,2494.4000000,2295.0000000,2299.8000000,1233149
20200324,000000,2365.0000000,2489.0000000,2363.0000000,2459.0000000,1072509
20200325,000000,2549.8000000,2595.0000000,2480.2000000,2555.8000000,1339722
20200326,000000,2587.8000000,2640.0000000,2505.0000000,2610.0000000,1169462
20200327,000000,2649.8000000,2668.0000000,2552.6000000,2597.0000000,798730
20200330,000000,2589.6000000,2678.8000000,2577.0000000,2670.2000000,659554
20200331,000000,2700.0000000,2749.4000000,2647.0000000,2714.4000000,815448
20200401,000000,2653.0000000,2679.6000000,2591.0000000,2605.8000000,762168
20200402,000000,2621.0000000,2650.0000000,2493.8000000,2550.8000000,1102131
20200403,000000,2540.2000000,2584.0000000,2514.4000000,2520.0000000,915527
20200406,000000,2566.0000000,2609.0000000,2536.2000000,2582.0000000,785518
20200407,000000,2607.0000000,2695.0000000,2602.2000000,2668.0000000,910645
20200408,000000,2622.0000000,2742.6000000,2600.2000000,2742.6000000,758024
20200409,000000,2722.8000000,2755.8000000,2661.2000000,2697.2000000,1045760
20200410,000000,2705.0000000,2705.0000000,2671.6000000,2701.0000000,262317
20200413,000000,2667.8000000,2688.0000000,2623.2000000,2659.0000000,349223
20200414,000000,2697.8000000,2782.4000000,2687.6000000,2755.6000000,907990
20200415,000000,2717.6000000,2719.8000000,2584.4000000,2588.2000000,775540
20200416,000000,2606.8000000,2680.0000000,2570.2000000,2637.8000000,708410
20200417,000000,2655.6000000,2668.8000000,2620.2000000,2630.4000000,457724
20200420,000000,2664.0000000,2746.0000000,2642.0000000,2736.4000000,863566
20200421,000000,2681.8000000,2695.4000000,2601.0000000,2659.2000000,1018160
20200422,000000,2650.0000000,2706.8000000,2631.2000000,2655.0000000,785080
20200423,000000,2668.0000000,2677.0000000,2621.4000000,2640.6000000,505885
20200424,000000,2634.8000000,2655.0000000,2606.6000000,2621.0000000,402936
20200427,000000,2652.0000000,2715.0000000,2647.0000000,2715.0000000,783496
20200428,000000,2731.0000000,2856.8000000,2716.4000000,2754.8000000,1297877
20200429,000000,2800.2000000,2874.0000000,2775.4000000,2870.0000000,777309
20200430,000000,2898.0000000,2924.0000000,2812.2000000,2850.8000000,744921
20200504,000000,2809.8000000,2848.8000000,2776.8000000,2828.8000000,414159
20200505,000000,2849.8000000,2876.8000000,2831.0000000,2842.2000000,352411
20200506,000000,2849.0000000,2883.2000000,2830.2000000,2864.0000000,376841
20200507,000000,2869.0000000,2918.8000000,2858.0000000,2910.2000000,430050
20200508,000000,2975.0000000,2992.0000000,2933.0000000,2975.2000000,471330
20200512,000000,2968.0000000,2979.8000000,2927.0000000,2977.0000000,281684
20200513,000000,2958.4000000,2958.4000000,2890.4000000,2893.4000000,511700
20200514,000000,2875.2000000,2883.0000000,2785.8000000,2821.8000000,557815
20200515,000000,2858.0000000,2894.0000000,2795.8000000,2839.6000000,518342
20200518,000000,2877.0000000,2947.0000000,2870.4000000,2945.0000000,480408
20200519,000000,2976.0000000,2980.0000000,2923.6000000,2970.0000000,338651
20200520,000000,2955.2000000,3000.0000000,2941.0000000,2964.6000000,511039
20200521,000000,2944.0000000,2960.0000000,2895.0000000,2910.8000000,503956
20200522,000000,2889.8000000,2938.8000000,2880.6000000,2905.0000000,336192
20200525,000000,2913.8000000,2962.0000000,2908.2000000,2960.6000000,258725
20200526,000000,2968.8000000,2992.8000000,2911.4000000,2913.2000000,553908
20200527,000000,2905.8000000,2942.8000000,2817.2000000,2826.0000000,688266
20200528,000000,2875.4000000,2916.8000000,2860.4000000,2888.0000000,623076
20200529,000000,2865.0000000,2884.0000000,2811.6000000,2833.2000000,530562
20200601,000000,2849.6000000,2869.8000000,2814.4000000,2846.0000000,635598
20200602,000000,2848.0000000,2875.0000000,2821.2000000,2837.8000000,696965
20200603,000000,2848.4000000,2879.6000000,2835.0000000,2867.6000000,666883
20200604,000000,2864.8000000,2882.0000000,2837.0000000,2861.6000000,458534
20200605,000000,2874.2000000,2911.8000000,2850.0000000,2884.0000000,425118
20200608,000000,2897.2000000,2917.8000000,2866.0000000,2873.2000000,364212
20200609,000000,2896.4000000,2905.0000000,2855.0000000,2902.0000000,335131
20200610,000000,2895.6000000,2919.4000000,2867.0000000,2881.2000000,353031
20200611,000000,2871.0000000,2879.8000000,2817.6000000,2850.0000000,477374
20200615,000000,2836.0000000,2975.0000000,2820.4000000,2967.4000000,799022
20200616,000000,2984.0000000,3062.0000000,2967.4000000,3009.0000000,916051
20200617,000000,3024.0000000,3074.0000000,3010.0000000,3068.2000000,606577
20200618,000000,3058.8000000,3115.0000000,3021.2000000,3108.0000000,741015
20200619,000000,3109.0000000,3176.2000000,3107.0000000,3155.0000000,700308
20200622,000000,3171.0000000,3270.8000000,3115.0000000,3254.2000000,759511
20200623,000000,3248.0000000,3444.8000000,3240.8000000,3358.6000000,1723932
20200625,000000,3434.0000000,3509.2000000,3383.0000000,3499.0000000,1287989
20200626,000000,3477.2000000,3519.4000000,3417.0000000,3430.0000000,610592
20200629,000000,3434.6000000,3483.2000000,3380.2000000,3467.0000000,560338
20200630,000000,3467.0000000,3564.6000000,3423.0000000,3545.6000000,631981
20200702,000000,3524.0000000,3588.0000000,3502.0000000,3548.6000000,438762
20200703,000000,3550.0000000,3575.0000000,3513.0000000,3549.6000000,274175
20200706,000000,3573.0000000,3710.0000000,3555.6000000,3639.0000000,611903
20200707,000000,3643.0000000,3664.2000000,3572.0000000,3598.8000000,612278
20200708,000000,3586.8000000,3636.0000000,3553.0000000,3581.8000000,571527
20200709,000000,3583.0000000,3658.0000000,3575.4000000,3637.8000000,495719
20200710,000000,3622.6000000,3684.8000000,3590.6000000,3633.0000000,501547
20200713,000000,3640.6000000,3719.6000000,3635.0000000,3678.0000000,463247
20200714,000000,3677.0000000,3789.0000000,3581.2000000,3772.0000000,733070
20200715,000000,3762.6000000,3896.4000000,3762.4000000,3882.8000000,816356
20200716,000000,3849.6000000,3882.8000000,3807.0000000,3824.0000000,501829
20200717,000000,3836.4000000,3966.0000000,3830.0000000,3950.0000000,638095
20200720,000000,3950.0000000,4029.4000000,3901.0000000,4029.0000000,587288
20200721,000000,4017.0000000,4202.0000000,3921.2000000,3964.0000000,1030294
20200722,000000,3965.0000000,4026.6000000,3910.6000000,4010.0000000,704144
20200723,000000,4020.2000000,4069.6000000,3952.2000000,4002.8000000,576118
20200724,000000,3982.0000000,4045.0000000,3931.0000000,4017.2000000,489272
20200727,000000,4038.4000000,4155.0000000,4012.0000000,4123.0000000,534302
20200728,000000,4182.0000000,4198.8000000,3971.8000000,4114.4000000,1295142
20200729,000000,4131.4000000,4222.0000000,4121.6000000,4187.8000000,544339
20200730,000000,4184.0000000,4196.8000000,4104.4000000,4191.0000000,548606
20200731,000000,4211.4000000,4267.6000000,4180.2000000,4257.0000000,808414
20200803,000000,4261.0000000,4328.8000000,4242.6000000,4288.6000000,546317
20200804,000000,4304.0000000,4348.8000000,4280.2000000,4312.0000000,343736
20200805,000000,4323.4000000,4355.0000000,4310.0000000,4340.2000000,508572
20200806,000000,4342.0000000,4417.6000000,4330.2000000,4413.8000000,431203
20200807,000000,4399.8000000,4443.6000000,4321.0000000,4360.0000000,565488
20200810,000000,4380.4000000,4396.0000000,4173.8000000,4205.0000000,846158
20200811,000000,4228.2000000,4329.0000000,4135.2000000,4185.8000000,1317479
20200812,000000,4203.2000000,4330.0000000,4182.0000000,4288.8000000,1220993
20200813,000000,4411.8000000,4554.2000000,4317.4000000,4366.0000000,3722104
20200814,000000,4405.6000000,4459.8000000,4370.4000000,4389.6000000,2193720
20200817,000000,4406.2000000,4534.6000000,4406.0000000,4500.0000000,2532299
20200818,000000,4493.8000000,4548.0000000,4464.4000000,4503.0000000,1977361
20200819,000000,4510.0000000,4624.4000000,4505.4000000,4620.0000000,1961349
20200820,000000,4596.0000000,4760.0000000,4586.0000000,4700.0000000,2991385
20200821,000000,4725.2000000,4823.8000000,4717.6000000,4772.0000000,2525509
20200824,000000,4792.2000000,4920.0000000,4770.2000000,4913.4000000,2313397
20200825,000000,4920.2000000,5078.2000000,4890.6000000,5055.0000000,2614166
20200826,000000,5063.2000000,5135.8000000,4816.4000000,4973.6000000,3774617
20200827,000000,4993.6000000,5022.8000000,4791.0000000,4842.8000000,2604003
20200828,000000,4867.2000000,4928.2000000,4761.0000000,4845.0000000,2429625
20200831,000000,4888.0000000,5165.0000000,4881.0000000,5089.4000000,22750215
20200901,000000,5082.6000000,5177.0000000,4984.8000000,5033.0000000,3622595
20200902,000000,5070.0000000,5118.2000000,4943.0000000,5070.0000000,2459368
20200903,000000,5043.8000000,5106.0000000,4870.0000000,4917.8000000,2587899
20200904,000000,4890.6000000,4993.8000000,4766.0000000,4885.0000000,2799228
20200907,000000,4845.0000000,4997.8000000,4810.0000000,4975.0000000,1264674
20200908,000000,4980.2000000,5035.0000000,4660.2000000,4670.2000000,3248397
20200909,000000,4695.0000000,4759.0000000,4650.0000000,4743.4000000,1686076
20200910,000000,4738.8000000,4775.0000000,4585.0000000,4597.8000000,1788524
20200911,000000,4626.0000000,4692.2000000,4572.2000000,4662.0000000,1493158
20200914,000000,4680.0000000,4760.0000000,4665.2000000,4730.0000000,1131139
20200915,000000,4730.2000000,4836.8000000,4656.0000000,4685.8000000,1759118
20200916,000000,4704.0000000,4719.6000000,4608.0000000,4637.0000000,900653
20200917,000000,4606.0000000,4614.0000000,4483.4000000,4595.0000000,1633678
20200918,000000,4585.0000000,4643.6000000,4552.0000000,4628.0000000,1015803
20200921,000000,4615.2000000,4626.8000000,4488.2000000,4527.8000000,1002994
20200922,000000,4534.0000000,4900.0000000,4490.0000000,4900.0000000,3090318
20200923,000000,5100.0000000,5653.2000000,4941.6000000,5008.6000000,13054589
20200924,000000,5016.6000000,5045.8000000,4763.4000000,4775.0000000,2950463
20200925,000000,4797.0000000,4959.8000000,4710.0000000,4934.0000000,1839588
20200928,000000,4951.8000000,5119.8000000,4941.8000000,5080.0000000,1758903
20200929,000000,5074.4000000,5131.0000000,4940.0000000,5095.0000000,1482489
20200930,000000,5078.2000000,5106.8000000,5022.4000000,5062.0000000,704126
20201001,000000,5072.4000000,5108.6000000,4902.0000000,4928.8000000,1209875
20201002,000000,4907.8000000,4988.6000000,4844.8000000,4907.0000000,1192250
20201005,000000,4934.0000000,5010.0000000,4872.2000000,4980.0000000,816213
20201006,000000,4982.2000000,4999.2000000,4833.4000000,4869.0000000,1009472
20201007,000000,4891.8000000,4902.8000000,4740.0000000,4779.4000000,979550
20201008,000000,4800.4000000,4816.6000000,4690.2000000,4714.6000000,903958
20201009,000000,4732.2000000,4766.0000000,4620.8000000,4683.0000000,1093789
20201012,000000,4694.0000000,4794.0000000,4685.0000000,4759.8000000,965369
20201013,000000,4759.4000000,4855.0000000,4736.8000000,4838.8000000,1224955
20201014,000000,4843.6000000,4885.4000000,4752.0000000,4772.0000000,868759
20201015,000000,4756.6000000,4780.0000000,4677.0000000,4754.4000000,1013258
20201016,000000,4754.2000000,4779.8000000,4503.0000000,4530.0000000,2239810
20201019,000000,4551.0000000,4571.8000000,4427.2000000,4457.0000000,1424787
20201020,000000,4463.2000000,4494.0000000,4311.4000000,4340.0000000,1493008
20201021,000000,4351.0000000,4440.0000000,4263.6000000,4410.2000000,1857616
20201022,000000,4405.0000000,4508.6000000,4373.0000000,4455.0000000,1490652
20201023,000000,4443.0000000,4529.8000000,4435.2000000,4523.2000000,766336
20201026,000000,4499.6000000,4540.6000000,4450.2000000,4504.0000000,624050
20201027,000000,4500.0000000,4623.0000000,4475.6000000,4600.8000000,901719
20201028,000000,4590.0000000,4637.0000000,4500.0000000,4586.0000000,1388479
20201029,000000,4605.0000000,4655.0000000,4584.4000000,4637.2000000,992726
20201030,000000,4597.8000000,4619.6000000,4515.0000000,4561.0000000,651709
20201102,000000,4557.2000000,4685.0000000,4543.4000000,4589.2000000,843940
20201103,000000,4605.0000000,4627.8000000,4536.0000000,4591.0000000,858907
20201105,000000,4765.0000000,4867.0000000,4710.2000000,4854.8000000,1492806
20201106,000000,4830.0000000,4934.4000000,4780.0000000,4927.0000000,1023911
20201109,000000,4988.0000000,5077.8000000,4933.4000000,4985.4000000,1831036
20201110,000000,4976.0000000,4986.0000000,4696.0000000,4696.0000000,1651350
20201111,000000,4725.4000000,4813.6000000,4666.2000000,4724.8000000,1630908
20201112,000000,4709.6000000,4775.0000000,4703.0000000,4718.8000000,596016
20201113,000000,4748.0000000,4799.8000000,4732.0000000,4799.0000000,382448
20201116,000000,4806.2000000,4839.8000000,4705.2000000,4735.2000000,689840
20201117,000000,4745.0000000,4765.0000000,4632.0000000,4680.0000000,464480
20201118,000000,4662.4000000,4750.0000000,4641.2000000,4691.2000000,504218
20201119,000000,4698.2000000,4755.0000000,4678.0000000,4742.6000000,353059
20201120,000000,4744.0000000,4792.8000000,4720.0000000,4745.6000000,335322
20201123,000000,4750.0000000,4783.0000000,4680.0000000,4687.6000000,611856
20201124,000000,4711.0000000,4966.6000000,4695.4000000,4935.8000000,1518366
20201125,000000,4951.8000000,4960.0000000,4846.0000000,4946.0000000,836646
20201126,000000,4940.8000000,5034.8000000,4915.8000000,4985.2000000,621134
20201127,000000,5006.8000000,5170.0000000,4970.2000000,5115.0000000,988908
20201130,000000,5099.8000000,5418.4000000,5065.2000000,5278.0000000,3552109
20201201,000000,5308.2000000,5389.6000000,5240.4000000,5310.4000000,1215891
20201202,000000,5309.0000000,5327.2000000,5180.2000000,5193.6000000,785382
20201203,000000,5212.0000000,5245.0000000,5136.2000000,5166.0000000,524297
20201204,000000,5185.8000000,5228.0000000,5055.4000000,5065.2000000,821760
20201207,000000,5066.0000000,5113.2000000,4962.6000000,5002.2000000,729697
20201208,000000,5009.6000000,5077.8000000,4952.6000000,5066.4000000,777084
20201209,000000,5063.4000000,5230.8000000,5040.0000000,5094.0000000,970424
20201210,000000,5119.6000000,5189.8000000,4990.6000000,5169.2000000,760322
20201211,000000,5148.0000000,5194.0000000,5092.2000000,5124.0000000,493797
20201214,000000,5150.8000000,5160.8000000,5010.2000000,5040.0000000,593129
20201215,000000,5059.0000000,5109.4000000,5015.0000000,5050.0000000,385675
20201216,000000,5076.0000000,5204.8000000,5050.0000000,5198.0000000,537105
20201217,000000,5183.8000000,5283.6000000,5100.8000000,5145.4000000,926687
20201218,000000,5160.2000000,5209.0000000,5080.2000000,5082.0000000,761329
20201221,000000,5100.0000000,5139.8000000,4991.4000000,5004.4000000,874186
20201222,000000,5008.8000000,5095.0000000,4982.0000000,5084.0000000,423976
20201223,000000,5072.2000000,5149.8000000,5041.4000000,5113.0000000,351103
20201224,000000,5126.8000000,5137.8000000,4990.4000000,5029.0000000,335241
20201225,000000,5029.0000000,5049.8000000,5002.0000000,5039.8000000,91780
20201228,000000,5048.6000000,5078.4000000,4986.2000000,5026.4000000,337357
20201229,000000,5017.0000000,5065.2000000,4996.0000000,5020.4000000,342093
20201230,000000,5022.0000000,5183.2000000,5006.4000000,5167.0000000,475906
20210104,000000,5167.8000000,5235.0000000,5113.0000000,5185.2000000,574279
20210105,000000,5184.0000000,5389.4000000,5141.0000000,5340.4000000,688355
20210106,000000,5300.0000000,5338.8000000,5150.0000000,5188.8000000,806459
20210108,000000,5230.6000000,5323.4000000,5220.0000000,5254.2000000,892172
20210111,000000,5257.6000000,5303.0000000,5200.4000000,5214.2000000,797440
20210112,000000,5224.6000000,5270.0000000,5100.2000000,5121.8000000,626655
20210113,000000,5150.0000000,5198.6000000,5053.0000000,5079.8000000,554710
20210114,000000,5098.0000000,5132.4000000,5006.0000000,5077.4000000,740196
20210115,000000,5070.0000000,5128.0000000,4988.8000000,4998.0000000,796721
20210118,000000,5002.0000000,5061.0000000,4990.0000000,5043.6000000,534674
20210119,000000,5057.0000000,5069.8000000,4965.4000000,5008.8000000,646875
20210120,000000,5016.0000000,5178.0000000,4985.0000000,5170.0000000,819724
20210121,000000,5130.2000000,5167.0000000,5006.2000000,5069.0000000,1020112
20210122,000000,5036.8000000,5098.8000000,5010.0000000,5015.8000000,577323
20210125,000000,5039.4000000,5089.0000000,4860.4000000,4901.8000000,1249250
20210126,000000,4941.8000000,4984.0000000,4884.6000000,4898.2000000,1012315
20210127,000000,4909.2000000,4937.0000000,4775.4000000,4828.4000000,1030102
20210128,000000,4824.8000000,4917.0000000,4800.4000000,4876.2000000,478920
20210129,000000,4859.8000000,4879.2000000,4713.2000000,4760.6000000,809513
20210201,000000,4786.4000000,4857.8000000,4728.6000000,4847.4000000,573930
20210202,000000,4850.4000000,4999.8000000,4850.4000000,4997.0000000,846570
20210203,000000,4984.0000000,5005.0000000,4901.6000000,4917.2000000,673322
20210204,000000,4934.0000000,5018.6000000,4903.4000000,5016.6000000,686670
20210205,000000,4990.2000000,5024.6000000,4913.0000000,4973.6000000,580426
20210208,000000,4995.6000000,5075.0000000,4973.2000000,5060.4000000,555898
20210209,000000,5062.4000000,5170.0000000,4995.2000000,5147.2000000,787338
20210210,000000,5142.8000000,5349.6000000,5105.0000000,5306.0000000,1508444
20210211,000000,5310.0000000,5394.0000000,5229.6000000,5361.6000000,912316
20210212,000000,5374.6000000,5459.2000000,5265.0000000,5448.0000000,1040840
20210215,000000,5463.4000000,5549.6000000,5404.0000000,5478.0000000,576146
20210216,000000,5483.8000000,5517.2000000,5325.4000000,5348.0000000,1160561
20210217,000000,5348.0000000,5362.8000000,5100.2000000,5187.0000000,1368065
20210218,000000,5205.0000000,5207.0000000,5005.4000000,5007.8000000,1181958
20210219,000000,5035.0000000,5142.0000000,4951.2000000,5005.0000000,1449078
20210220,000000,5053.8000000,5067.6000000,5007.0000000,5064.0000000,196731
20210222,000000,5024.4000000,5048.8000000,4902.2000000,4918.0000000,908836
20210224,000000,4960.0000000,5032.0000000,4901.2000000,4928.2000000,1001828
20210225,000000,4945.0000000,4975.0000000,4821.0000000,4857.4000000,906961
20210226,000000,4851.0000000,4875.8000000,4762.0000000,4813.2000000,1438926
20210301,000000,4858.6000000,5009.2000000,4820.2000000,5004.6000000,1090605
20210302,000000,4968.4000000,5068.6000000,4960.0000000,5027.0000000,683676
20210303,000000,5054.8000000,5133.0000000,4875.0000000,4890.2000000,1021134
20210304,000000,4906.2000000,4953.0000000,4662.4000000,4718.2000000,1342783
20210305,000000,4729.8000000,4819.8000000,4626.8000000,4722.8000000,1438430
20210309,000000,4589.8000000,4769.2000000,4575.0000000,4707.6000000,1501368
20210310,000000,4720.0000000,4831.2000000,4652.8000000,4692.0000000,1117692
20210311,000000,4716.0000000,4898.0000000,4713.6000000,4889.8000000,941686
20210312,000000,4858.8000000,4963.6000000,4816.0000000,4960.4000000,757248
20210315,000000,4972.0000000,5063.8000000,4932.0000000,5039.0000000,1138969
20210316,000000,5049.2000000,5177.8000000,4957.0000000,5161.8000000,1550466
20210317,000000,5150.0000000,5150.0000000,4955.0000000,5037.6000000,1872694
20210318,000000,5061.6000000,5120.0000000,4826.2000000,4858.0000000,1791738
20210319,000000,4873.0000000,4954.8000000,4812.6000000,4880.0000000,1153421
20210322,000000,4894.0000000,4954.6000000,4875.0000000,4891.0000000,539226
20210323,000000,4890.6000000,4953.6000000,4853.8000000,4906.0000000,669877
20210324,000000,4910.2000000,4977.2000000,4825.0000000,4850.0000000,845120
20210325,000000,4851.0000000,4878.8000000,4683.0000000,4741.0000000,1120317
20210326,000000,4766.6000000,4833.8000000,4700.2000000,4785.0000000,798846
20210329,000000,4785.0000000,4835.0000000,4735.0000000,4830.0000000,620133
20210330,000000,4818.6000000,4818.6000000,4721.0000000,4788.0000000,715561
20210331,000000,4804.4000000,4915.0000000,4725.0000000,4859.0000000,1119731
20210401,000000,4886.0000000,4962.8000000,4868.0000000,4949.2000000,832481
20210402,000000,4960.0000000,4960.0000000,4890.0000000,4935.0000000,294486
20210405,000000,4935.0000000,4958.4000000,4884.0000000,4940.0000000,409203
20210406,000000,4937.0000000,4991.6000000,4917.8000000,4961.8000000,691979
20210407,000000,4963.0000000,4979.8000000,4822.0000000,4845.2000000,666770
20210408,000000,4872.4000000,4958.0000000,4850.0000000,4888.0000000,700448
20210409,000000,4885.2000000,4891.4000000,4794.0000000,4813.0000000,469363
20210412,000000,4806.0000000,4907.0000000,4777.2000000,4854.8000000,627250
20210413,000000,4865.2000000,4882.0000000,4510.0000000,4600.0000000,3817613
20210414,000000,4630.0000000,4721.4000000,4576.2000000,4661.0000000,2828314
20210415,000000,4636.6000000,4697.4000000,4617.0000000,4677.8000000,988193
20210416,000000,4683.8000000,4697.0000000,4650.6000000,4690.0000000,553149
20210419,000000,4695.0000000,4743.4000000,4650.0000000,4663.8000000,953222
20210420,000000,4679.4000000,4707.0000000,4621.0000000,4665.6000000,796491
20210421,000000,4667.8000000,4677.8000000,4631.4000000,4648.0000000,423533
20210422,000000,4642.0000000,4687.0000000,4590.0000000,4605.0000000,850772
20210423,000000,4623.2000000,4623.2000000,4521.4000000,4570.2000000,831281
20210426,000000,4570.2000000,4721.0000000,4558.8000000,4703.6000000,1112408
20210427,000000,4707.0000000,4776.0000000,4671.0000000,4732.0000000,993756
20210428,000000,4730.2000000,4857.8000000,4676.2000000,4834.8000000,2009902
20210429,000000,4851.4000000,5054.8000000,4834.0000000,5040.0000000,1769231
20210430,000000,5027.2000000,5048.0000000,4887.2000000,4934.8000000,1318008
20210504,000000,4910.0000000,4948.0000000,4742.0000000,4802.2000000,987366
20210505,000000,4821.6000000,4924.8000000,4815.2000000,4864.4000000,698437
20210506,000000,4859.6000000,4909.0000000,4751.2000000,4828.6000000,770602
20210507,000000,4839.8000000,4859.0000000,4785.0000000,4831.6000000,514574
20210510,000000,4824.0000000,4836.8000000,4690.0000000,4702.8000000,679601
20210511,000000,4685.0000000,4698.0000000,4570.8000000,4678.0000000,1203590
20210512,000000,4678.0000000,4731.4000000,4581.4000000,4601.0000000,964585
20210513,000000,4599.8000000,4659.8000000,4574.0000000,4638.4000000,836836
20210514,000000,4651.8000000,4699.2000000,4615.6000000,4687.0000000,503970
20210517,000000,4685.0000000,4706.6000000,4609.2000000,4704.2000000,537501
20210518,000000,4726.0000000,4814.6000000,4700.0000000,4740.0000000,967606
20210519,000000,4752.0000000,4755.2000000,4653.0000000,4741.6000000,594753
20210520,000000,4748.0000000,4762.0000000,4666.0000000,4750.8000000,549267
20210521,000000,4740.0000000,4796.6000000,4692.0000000,4767.2000000,635993
20210524,000000,4790.6000000,4900.0000000,4741.2000000,4891.8000000,785575
20210525,000000,4890.2000000,4928.8000000,4881.2000000,4897.8000000,489356
20210526,000000,4905.4000000,5005.0000000,4898.4000000,4995.4000000,728677
20210527,000000,4995.0000000,5020.0000000,4930.0000000,4962.2000000,1123473
20210528,000000,4980.8000000,5012.6000000,4920.2000000,4945.0000000,363633
20210531,000000,4974.0000000,4998.8000000,4916.2000000,4942.0000000,231371
20210601,000000,4950.0000000,5030.0000000,4890.0000000,4933.0000000,581810
20210602,000000,4933.0000000,4988.0000000,4895.0000000,4948.0000000,680065
20210603,000000,4979.2000000,4994.0000000,4886.6000000,4901.8000000,453756
20210604,000000,4914.4000000,4935.4000000,4861.2000000,4923.4000000,534795
20210607,000000,4923.4000000,4928.2000000,4865.0000000,4911.4000000,322039
20210608,000000,4912.4000000,4935.2000000,4871.8000000,4889.6000000,429070
20210609,000000,4899.8000000,5020.0000000,4865.2000000,4973.0000000,843246
20210610,000000,4968.0000000,5025.0000000,4930.0000000,5005.8000000,510385
20210611,000000,5020.0000000,5093.2000000,4975.6000000,5056.8000000,871342
20210614,000000,5070.6000000,5096.4000000,5037.2000000,5090.0000000,214712
20210615,000000,5087.4000000,5087.4000000,4910.2000000,4925.0000000,559238
20210616,000000,4931.6000000,4993.0000000,4899.0000000,4962.8000000,534296
20210617,000000,4952.6000000,5063.0000000,4928.2000000,5041.4000000,642669
20210618,000000,5032.0000000,5110.0000000,4951.6000000,5047.0000000,865518
